%YAML:1.0
---
MTX: !!opencv-matrix
   rows: 3
   cols: 3
   dt: d
   data: [ 5.9521278923419527e+02, 0., 5.1740949499576857e+02, 0.,
       5.9524919722288462e+02, 4.0146661791429943e+02, 0., 0., 1. ]
DIST: !!opencv-matrix
   rows: 1
   cols: 5
   dt: d
   data: [ -2.6753614743764192e-01, 1.5226828369532580e-01,
       2.8167054616314943e-05, 1.0883261188419539e-04,
       -5.3651269544038288e-02 ]
ImageSize: !!opencv-matrix
   rows: 2
   cols: 1
   dt: d
   data: [ 1032., 772. ]
